Mouse_samples,Gr,B,CD4T
M1,2,12,86
M1,28,59,13
M1,4,93,4
M1,0,0,100
M1,2,57,41
M2,100,0,0
M2,33,33,33
M2,52,3,45
M2,0,50,50
M2,100,0,0
M3,33,33,33
M3,58,37,5
M3,56,0,44
M3,0,100,0
M3,53,38,9
M4,21,18,62
M4,60,22,18
M4,19,77,4
M4,0,0,100
M4,33,33,33
M5,48,3,48
M5,4,68,28
M5,40,56,4
M5,0,100,0
M5,63,3,34
M6,48,52,0
M6,3,40,57
M6,38,59,3
M6,0,41,59
M6,32,32,35
M7,50,45,5
M7,55,45,0
M7,50,50,0
M7,43,3,54
M7,100,0,0
